t=0:5;
y=[1,2.7,5.8,6.6,7.5,9.9];

